{
 "cells": [
  {
   "cell_type": "code",
   "execution_count": 1,
   "metadata": {},
   "outputs": [],
   "source": [
    "from funcoesTermosol import *\n",
    "import pandas as pd\n",
    "import numpy as np"
   ]
  },
  {
   "cell_type": "code",
   "execution_count": 2,
   "metadata": {},
   "outputs": [],
   "source": [
    "# Funções para o cálculo da matriz de rigidez\n",
    "\n",
    "def gauss_seidel(ite, tol, k, f):\n",
    "    u = np.zeros((k.shape[0], 1))\n",
    "    u_ant = np.zeros((k.shape[0], 1))\n",
    "    for n in range(ite):\n",
    "        for i in range(k.shape[0]): #percorre as linhas da matriz\n",
    "            soma = 0\n",
    "            for j in range(k.shape[1]): #percorre as colunas da matriz\n",
    "                if i != j:\n",
    "                    soma += k[i, j] * u[j]\n",
    "            u[i] = (f[i] - soma) / k[i, i]\n",
    "        erro = ((u - u_ant) / u).max(axis=0)\n",
    "        if erro < tol:\n",
    "            return u, n\n",
    "        u_ant = np.copy(u)\n",
    "    return u, n\n",
    "\n",
    "def jacobi(ite, tol, k, f):\n",
    "    u = np.zeros((k.shape[0], 1))\n",
    "    u_ant = np.zeros((k.shape[0], 1))\n",
    "    for n in range(ite):\n",
    "        for i in range(k.shape[0]): #percorre as linhas da matriz\n",
    "            soma = 0\n",
    "            for j in range(k.shape[1]): #percorre as colunas da matriz\n",
    "                if i != j:\n",
    "                    soma += k[i, j] * u_ant[j]\n",
    "            u[i] = (f[i] - soma) / k[i, i]\n",
    "        erro = ((u - u_ant) / u).max(axis=0)\n",
    "        if erro < tol:\n",
    "            return u, n\n",
    "        u_ant = np.copy(u)\n",
    "    return u, n"
   ]
  },
  {
   "cell_type": "code",
   "execution_count": 3,
   "metadata": {},
   "outputs": [
    {
     "data": {
      "text/plain": [
       "[7,\n",
       " array([[0.   , 0.144, 0.192, 0.288, 0.384, 0.432, 0.576],\n",
       "        [0.   , 0.072, 0.   , 0.144, 0.   , 0.072, 0.   ]]),\n",
       " 11,\n",
       " array([[1.0000e+00, 2.0000e+00, 1.9314e+11, 5.2500e-06],\n",
       "        [2.0000e+00, 4.0000e+00, 1.9314e+11, 5.2500e-06],\n",
       "        [4.0000e+00, 6.0000e+00, 1.9314e+11, 5.2500e-06],\n",
       "        [6.0000e+00, 7.0000e+00, 1.9314e+11, 5.2500e-06],\n",
       "        [2.0000e+00, 3.0000e+00, 1.9314e+11, 5.2500e-06],\n",
       "        [3.0000e+00, 4.0000e+00, 1.9314e+11, 5.2500e-06],\n",
       "        [4.0000e+00, 5.0000e+00, 1.9314e+11, 5.2500e-06],\n",
       "        [5.0000e+00, 6.0000e+00, 1.9314e+11, 5.2500e-06],\n",
       "        [1.0000e+00, 3.0000e+00, 1.9314e+11, 5.2500e-06],\n",
       "        [3.0000e+00, 5.0000e+00, 1.9314e+11, 5.2500e-06],\n",
       "        [5.0000e+00, 7.0000e+00, 1.9314e+11, 5.2500e-06]]),\n",
       " 6,\n",
       " array([[    0.],\n",
       "        [    0.],\n",
       "        [-1300.],\n",
       "        [-1500.],\n",
       "        [    0.],\n",
       "        [    0.],\n",
       "        [-1300.],\n",
       "        [-1500.],\n",
       "        [    0.],\n",
       "        [    0.],\n",
       "        [-1300.],\n",
       "        [-1500.],\n",
       "        [    0.],\n",
       "        [    0.]]),\n",
       " 3,\n",
       " array([[ 0.],\n",
       "        [ 1.],\n",
       "        [13.]])]"
      ]
     },
     "execution_count": 3,
     "metadata": {},
     "output_type": "execute_result"
    }
   ],
   "source": [
    "[nn,N,nm,Inc,nc,F,nr,R] = importa('solucao.xls')\n",
    "dados = [nn,N,nm,Inc,nc,F,nr,R] \n",
    "dados"
   ]
  },
  {
   "cell_type": "code",
   "execution_count": 4,
   "metadata": {},
   "outputs": [
    {
     "name": "stdout",
     "output_type": "stream",
     "text": [
      "[0, 1, 2, 3]\n",
      "[2, 3, 6, 7]\n",
      "[6, 7, 10, 11]\n",
      "[10, 11, 12, 13]\n",
      "[2, 3, 4, 5]\n",
      "[4, 5, 6, 7]\n",
      "[6, 7, 8, 9]\n",
      "[8, 9, 10, 11]\n",
      "[0, 1, 4, 5]\n",
      "[4, 5, 8, 9]\n",
      "[8, 9, 12, 13]\n",
      "\n",
      "Matriz de rigidez global (Kg):\n",
      "[[ 1.03197038e+07  2.51926599e+06 -5.03853197e+06 -2.51926599e+06\n",
      "  -5.28117188e+06  0.00000000e+00  0.00000000e+00  0.00000000e+00\n",
      "   0.00000000e+00  0.00000000e+00  0.00000000e+00  0.00000000e+00\n",
      "   0.00000000e+00  0.00000000e+00]\n",
      " [ 2.51926599e+06  1.25963299e+06 -2.51926599e+06 -1.25963299e+06\n",
      "   0.00000000e+00  0.00000000e+00  0.00000000e+00  0.00000000e+00\n",
      "   0.00000000e+00  0.00000000e+00  0.00000000e+00  0.00000000e+00\n",
      "   0.00000000e+00  0.00000000e+00]\n",
      " [-5.03853197e+06 -2.51926599e+06  1.36825619e+07 -3.69714935e+05\n",
      "  -3.60549794e+06  5.40824691e+06 -5.03853197e+06 -2.51926599e+06\n",
      "   0.00000000e+00  0.00000000e+00  0.00000000e+00  0.00000000e+00\n",
      "   0.00000000e+00  0.00000000e+00]\n",
      " [-2.51926599e+06 -1.25963299e+06 -3.69714935e+05  1.06316363e+07\n",
      "   5.40824691e+06 -8.11237036e+06 -2.51926599e+06 -1.25963299e+06\n",
      "   0.00000000e+00  0.00000000e+00  0.00000000e+00  0.00000000e+00\n",
      "   0.00000000e+00  0.00000000e+00]\n",
      " [-5.28117188e+06  0.00000000e+00 -3.60549794e+06  5.40824691e+06\n",
      "   1.59705907e+07 -2.70412345e+06 -1.80274897e+06 -2.70412345e+06\n",
      "  -5.28117188e+06  0.00000000e+00  0.00000000e+00  0.00000000e+00\n",
      "   0.00000000e+00  0.00000000e+00]\n",
      " [ 0.00000000e+00  0.00000000e+00  5.40824691e+06 -8.11237036e+06\n",
      "  -2.70412345e+06  1.21685555e+07 -2.70412345e+06 -4.05618518e+06\n",
      "   0.00000000e+00  0.00000000e+00  0.00000000e+00  0.00000000e+00\n",
      "   0.00000000e+00  0.00000000e+00]\n",
      " [ 0.00000000e+00  0.00000000e+00 -5.03853197e+06 -2.51926599e+06\n",
      "  -1.80274897e+06 -2.70412345e+06  1.36825619e+07  9.31322575e-10\n",
      "  -1.80274897e+06  2.70412345e+06 -5.03853197e+06  2.51926599e+06\n",
      "   0.00000000e+00  0.00000000e+00]\n",
      " [ 0.00000000e+00  0.00000000e+00 -2.51926599e+06 -1.25963299e+06\n",
      "  -2.70412345e+06 -4.05618518e+06  9.31322575e-10  1.06316363e+07\n",
      "   2.70412345e+06 -4.05618518e+06  2.51926599e+06 -1.25963299e+06\n",
      "   0.00000000e+00  0.00000000e+00]\n",
      " [ 0.00000000e+00  0.00000000e+00  0.00000000e+00  0.00000000e+00\n",
      "  -5.28117188e+06  0.00000000e+00 -1.80274897e+06  2.70412345e+06\n",
      "   1.59705907e+07  2.70412345e+06 -3.60549794e+06 -5.40824691e+06\n",
      "  -5.28117188e+06  0.00000000e+00]\n",
      " [ 0.00000000e+00  0.00000000e+00  0.00000000e+00  0.00000000e+00\n",
      "   0.00000000e+00  0.00000000e+00  2.70412345e+06 -4.05618518e+06\n",
      "   2.70412345e+06  1.21685555e+07 -5.40824691e+06 -8.11237036e+06\n",
      "   0.00000000e+00  0.00000000e+00]\n",
      " [ 0.00000000e+00  0.00000000e+00  0.00000000e+00  0.00000000e+00\n",
      "   0.00000000e+00  0.00000000e+00 -5.03853197e+06  2.51926599e+06\n",
      "  -3.60549794e+06 -5.40824691e+06  1.36825619e+07  3.69714935e+05\n",
      "  -5.03853197e+06  2.51926599e+06]\n",
      " [ 0.00000000e+00  0.00000000e+00  0.00000000e+00  0.00000000e+00\n",
      "   0.00000000e+00  0.00000000e+00  2.51926599e+06 -1.25963299e+06\n",
      "  -5.40824691e+06 -8.11237036e+06  3.69714935e+05  1.06316363e+07\n",
      "   2.51926599e+06 -1.25963299e+06]\n",
      " [ 0.00000000e+00  0.00000000e+00  0.00000000e+00  0.00000000e+00\n",
      "   0.00000000e+00  0.00000000e+00  0.00000000e+00  0.00000000e+00\n",
      "  -5.28117188e+06  0.00000000e+00 -5.03853197e+06  2.51926599e+06\n",
      "   1.03197038e+07 -2.51926599e+06]\n",
      " [ 0.00000000e+00  0.00000000e+00  0.00000000e+00  0.00000000e+00\n",
      "   0.00000000e+00  0.00000000e+00  0.00000000e+00  0.00000000e+00\n",
      "   0.00000000e+00  0.00000000e+00  2.51926599e+06 -1.25963299e+06\n",
      "  -2.51926599e+06  1.25963299e+06]]\n"
     ]
    },
    {
     "data": {
      "text/plain": [
       "(14, 14)"
      ]
     },
     "execution_count": 4,
     "metadata": {},
     "output_type": "execute_result"
    }
   ],
   "source": [
    "# Criação da matriz de rigidez global\n",
    "Kg = np.zeros((2*nn,2*nn))\n",
    "\n",
    "# Vetor de Comprimentos dos Membros\n",
    "L_vet = np.zeros((nm,1))\n",
    "\n",
    "# Vetor de Cossenos dos Membros\n",
    "Cos_vet = np.zeros((nm,1))\n",
    "\n",
    "# Vetor de Senos dos Membros\n",
    "Sen_vet = np.zeros((nm,1))\n",
    "\n",
    "for i in range(nm):\n",
    "    n1 = int(Inc[i][0])\n",
    "    n2 = int(Inc[i][1])\n",
    "    x_n1 = N[0][n1-1]\n",
    "    y_n1 = N[1][n1-1]\n",
    "\n",
    "    x_n2 = N[0][n2-1]\n",
    "    y_n2 = N[1][n2-1]\n",
    "\n",
    "    L = np.sqrt((x_n2-x_n1)**2 + (y_n2-y_n1)**2)\n",
    "\n",
    "    # Definição de vetores importantes\n",
    "    L_vet[i] = L\n",
    "\n",
    "    # Cálculo de cosseno e seno\n",
    "    c = (x_n2-x_n1)/L\n",
    "    s = (y_n2-y_n1)/L\n",
    "\n",
    "    # Definição de vetores importantes\n",
    "    Cos_vet[i] = c\n",
    "    Sen_vet[i] = s\n",
    "\n",
    "    E = Inc[i][2]\n",
    "    A = Inc[i][3]\n",
    "\n",
    "    k = (E*A)/L * np.array([[c**2, c*s, -c**2, -c*s],  # matriz de rigidez local\n",
    "                            [c*s, s**2, -c*s, -s**2],\n",
    "                            [-c**2, -c*s, c**2, c*s],\n",
    "                            [-c*s, -s**2, c*s, s**2]])\n",
    "\n",
    "    k = np.array(k)\n",
    "\n",
    "    indices = ([2*n1-2, 2*n1-1, 2*n2-2, 2*n2-1])\n",
    "    print(indices)\n",
    "\n",
    "    for i in range(4):\n",
    "        for j in range(4):\n",
    "            Kg[indices[i], indices[j]] += k[i, j]\n",
    "    \n",
    "print(f'\\nMatriz de rigidez global (Kg):\\n{Kg}')\n",
    "Kg.shape\n"
   ]
  },
  {
   "cell_type": "code",
   "execution_count": 5,
   "metadata": {},
   "outputs": [
    {
     "data": {
      "text/plain": [
       "(array([[ 1.36825619e+07, -3.69714935e+05, -3.60549794e+06,\n",
       "          5.40824691e+06, -5.03853197e+06, -2.51926599e+06,\n",
       "          0.00000000e+00,  0.00000000e+00,  0.00000000e+00,\n",
       "          0.00000000e+00,  0.00000000e+00],\n",
       "        [-3.69714935e+05,  1.06316363e+07,  5.40824691e+06,\n",
       "         -8.11237036e+06, -2.51926599e+06, -1.25963299e+06,\n",
       "          0.00000000e+00,  0.00000000e+00,  0.00000000e+00,\n",
       "          0.00000000e+00,  0.00000000e+00],\n",
       "        [-3.60549794e+06,  5.40824691e+06,  1.59705907e+07,\n",
       "         -2.70412345e+06, -1.80274897e+06, -2.70412345e+06,\n",
       "         -5.28117188e+06,  0.00000000e+00,  0.00000000e+00,\n",
       "          0.00000000e+00,  0.00000000e+00],\n",
       "        [ 5.40824691e+06, -8.11237036e+06, -2.70412345e+06,\n",
       "          1.21685555e+07, -2.70412345e+06, -4.05618518e+06,\n",
       "          0.00000000e+00,  0.00000000e+00,  0.00000000e+00,\n",
       "          0.00000000e+00,  0.00000000e+00],\n",
       "        [-5.03853197e+06, -2.51926599e+06, -1.80274897e+06,\n",
       "         -2.70412345e+06,  1.36825619e+07,  9.31322575e-10,\n",
       "         -1.80274897e+06,  2.70412345e+06, -5.03853197e+06,\n",
       "          2.51926599e+06,  0.00000000e+00],\n",
       "        [-2.51926599e+06, -1.25963299e+06, -2.70412345e+06,\n",
       "         -4.05618518e+06,  9.31322575e-10,  1.06316363e+07,\n",
       "          2.70412345e+06, -4.05618518e+06,  2.51926599e+06,\n",
       "         -1.25963299e+06,  0.00000000e+00],\n",
       "        [ 0.00000000e+00,  0.00000000e+00, -5.28117188e+06,\n",
       "          0.00000000e+00, -1.80274897e+06,  2.70412345e+06,\n",
       "          1.59705907e+07,  2.70412345e+06, -3.60549794e+06,\n",
       "         -5.40824691e+06, -5.28117188e+06],\n",
       "        [ 0.00000000e+00,  0.00000000e+00,  0.00000000e+00,\n",
       "          0.00000000e+00,  2.70412345e+06, -4.05618518e+06,\n",
       "          2.70412345e+06,  1.21685555e+07, -5.40824691e+06,\n",
       "         -8.11237036e+06,  0.00000000e+00],\n",
       "        [ 0.00000000e+00,  0.00000000e+00,  0.00000000e+00,\n",
       "          0.00000000e+00, -5.03853197e+06,  2.51926599e+06,\n",
       "         -3.60549794e+06, -5.40824691e+06,  1.36825619e+07,\n",
       "          3.69714935e+05, -5.03853197e+06],\n",
       "        [ 0.00000000e+00,  0.00000000e+00,  0.00000000e+00,\n",
       "          0.00000000e+00,  2.51926599e+06, -1.25963299e+06,\n",
       "         -5.40824691e+06, -8.11237036e+06,  3.69714935e+05,\n",
       "          1.06316363e+07,  2.51926599e+06],\n",
       "        [ 0.00000000e+00,  0.00000000e+00,  0.00000000e+00,\n",
       "          0.00000000e+00,  0.00000000e+00,  0.00000000e+00,\n",
       "         -5.28117188e+06,  0.00000000e+00, -5.03853197e+06,\n",
       "          2.51926599e+06,  1.03197038e+07]]),\n",
       " array([[-1300.],\n",
       "        [-1500.],\n",
       "        [    0.],\n",
       "        [    0.],\n",
       "        [-1300.],\n",
       "        [-1500.],\n",
       "        [    0.],\n",
       "        [    0.],\n",
       "        [-1300.],\n",
       "        [-1500.],\n",
       "        [    0.]]),\n",
       " [0, 1, 13])"
      ]
     },
     "execution_count": 5,
     "metadata": {},
     "output_type": "execute_result"
    }
   ],
   "source": [
    "# Remover linhas dos graus de liberdade restritos\n",
    "R = [int(i[0]) for i in R.tolist()]\n",
    "Kg_r = np.delete(Kg, R, axis=0)\n",
    "F_r = np.delete(F, R, axis=0)\n",
    "\n",
    "# Remover colunas dos graus de liberdade restritos\n",
    "Kg_r = np.delete(Kg_r, R, axis=1)\n",
    "\n",
    "Kg_r, F_r, R"
   ]
  },
  {
   "cell_type": "code",
   "execution_count": 6,
   "metadata": {},
   "outputs": [
    {
     "name": "stdout",
     "output_type": "stream",
     "text": [
      "Método de Jacobi\n",
      "[[-107.00362006]\n",
      " [ 166.91398419]\n",
      " [ 128.33301721]\n",
      " [-179.87677309]\n",
      " [  12.374108  ]\n",
      " [  62.90165329]\n",
      " [-155.74563625]\n",
      " [-198.27817274]\n",
      " [  89.19229259]\n",
      " [ 210.28944153]\n",
      " [  74.56133209]] 99\n",
      "-----------------------------\n",
      "Método de Gauss-Seidel\n",
      "[[ 0.00089023]\n",
      " [-0.00399389]\n",
      " [ 0.00029967]\n",
      " [-0.00431891]\n",
      " [ 0.00018111]\n",
      " [-0.00410975]\n",
      " [ 0.00045672]\n",
      " [-0.00431026]\n",
      " [-0.0003758 ]\n",
      " [-0.00395415]\n",
      " [ 0.00101554]] 99\n"
     ]
    },
    {
     "name": "stderr",
     "output_type": "stream",
     "text": [
      "C:\\Users\\arthu\\AppData\\Local\\Temp\\ipykernel_23972\\3022799297.py:29: RuntimeWarning: invalid value encountered in divide\n",
      "  erro = ((u - u_ant) / u).max(axis=0)\n"
     ]
    }
   ],
   "source": [
    "# Resolver o sistema de equações para obter os deslocamentos nodais\n",
    "ite = 100\n",
    "tol = 1e-20\n",
    "u_j, n_j = jacobi(ite, tol, Kg_r, F_r)\n",
    "u_gs, n_gs = gauss_seidel(ite, tol, Kg_r, F_r)\n",
    "\n",
    "print(\"Método de Jacobi\")\n",
    "print(u_j, n_j)\n",
    "print(\"-----------------------------\")\n",
    "print(\"Método de Gauss-Seidel\")\n",
    "print(u_gs, n_gs)"
   ]
  },
  {
   "cell_type": "code",
   "execution_count": 8,
   "metadata": {},
   "outputs": [
    {
     "name": "stdout",
     "output_type": "stream",
     "text": [
      "Deslocamentos [m]:\n",
      "[[ 0.        ]\n",
      " [ 0.        ]\n",
      " [ 0.00100474]\n",
      " [-0.00431173]\n",
      " [ 0.00035977]\n",
      " [-0.00466313]\n",
      " [ 0.00025974]\n",
      " [-0.00443928]\n",
      " [ 0.00055859]\n",
      " [-0.00463759]\n",
      " [-0.00032427]\n",
      " [-0.00424778]\n",
      " [ 0.00116451]\n",
      " [ 0.        ]]\n"
     ]
    }
   ],
   "source": [
    "# Construção da matriz de deslocamentos nodais\n",
    "u_desl = np.zeros((2*nn, 1))\n",
    "\n",
    "c = 0\n",
    "for i in range(2*nn):\n",
    "    if i not in R:\n",
    "        # Condição para extrair os dados da solução de Gauss-Seidel de forma geral\n",
    "        u_desl[i] = u_gs[c]\n",
    "        c += 1\n",
    "    else:\n",
    "        u_desl[i] = 0\n",
    "\n",
    "print(f\"Deslocamentos [m]:\\n{u_desl}\")"
   ]
  },
  {
   "cell_type": "code",
   "execution_count": 9,
   "metadata": {},
   "outputs": [
    {
     "name": "stdout",
     "output_type": "stream",
     "text": [
      " Vetor de reações de apoio:\n",
      "[[ 3.90000000e+03]\n",
      " [ 2.90000000e+03]\n",
      " [-1.30000000e+03]\n",
      " [-1.50000000e+03]\n",
      " [-4.09272616e-12]\n",
      " [-1.36424205e-11]\n",
      " [-1.30000000e+03]\n",
      " [-1.50000000e+03]\n",
      " [ 2.72848411e-12]\n",
      " [-1.81898940e-12]\n",
      " [-1.30000000e+03]\n",
      " [-1.50000000e+03]\n",
      " [ 0.00000000e+00]\n",
      " [ 1.60000000e+03]]\n",
      "\n",
      " Reações de apoio [N]: \n",
      "[[3900.]\n",
      " [2900.]\n",
      " [1600.]]\n"
     ]
    }
   ],
   "source": [
    "# Calculo das reações de apoio\t\n",
    "\n",
    "# Kg * u = Reações de apoio (multiplicação de matrizes) 6x6 * 6x1 = 6x1\n",
    "\n",
    "# Construção da matriz de reações de apoio\n",
    "R_apoio = np.zeros((2*nn, 1))\n",
    "\n",
    "# Realiza a multiplicação de matrizes para obter as reações de apoio \n",
    "R_apoio = np.dot(Kg, u_desl)\n",
    "\n",
    "print(f\" Vetor de reações de apoio:\\n{R_apoio}\")\n",
    "\n",
    "# As reações de apoio desejadas dependem do vetor de restricoes R\n",
    "R_apoio_vet = np.zeros((len(R), 1))\n",
    "c = 0\n",
    "for r in R:\n",
    "    R_apoio_vet[c] = R_apoio[r]\n",
    "    c += 1\n",
    "    \n",
    "print(f\"\\n Reações de apoio [N]: \\n{R_apoio_vet}\")"
   ]
  },
  {
   "cell_type": "code",
   "execution_count": 10,
   "metadata": {},
   "outputs": [
    {
     "name": "stdout",
     "output_type": "stream",
     "text": [
      "Deformações[] \n",
      " [[-0.00639516]\n",
      " [-0.00449315]\n",
      " [-0.00377645]\n",
      " [-0.00352836]\n",
      " [-0.00075561]\n",
      " [ 0.00075561]\n",
      " [ 0.00191125]\n",
      " [-0.00191125]\n",
      " [ 0.00187379]\n",
      " [ 0.00103552]\n",
      " [ 0.00315587]] \n",
      "\n",
      "Tensões internas [Pa] \n",
      " [[-1.23516136e+09]\n",
      " [-8.67807334e+08]\n",
      " [-7.29384078e+08]\n",
      " [-6.81468336e+08]\n",
      " [-1.45938980e+08]\n",
      " [ 1.45938980e+08]\n",
      " [ 3.69139773e+08]\n",
      " [-3.69139773e+08]\n",
      " [ 3.61904762e+08]\n",
      " [ 2.00000000e+08]\n",
      " [ 6.09523810e+08]] \n",
      "\n",
      "Forças internas [N] \n",
      " [[-6484.59713475]\n",
      " [-4555.98850416]\n",
      " [-3829.26641147]\n",
      " [-3577.708764  ]\n",
      " [ -766.17964604]\n",
      " [  766.17964604]\n",
      " [ 1937.98381056]\n",
      " [-1937.98381056]\n",
      " [ 1900.        ]\n",
      " [ 1050.        ]\n",
      " [ 3200.        ]] \n",
      "\n"
     ]
    }
   ],
   "source": [
    "# Calculo das Deformações, Tensões e Forças Internas nos Elementos\n",
    "\n",
    "# Inicializa a matriz de deformações\n",
    "Def_vet = np.zeros((nm,1))\n",
    "\n",
    "# Inicializa a matriz de tensões\n",
    "Ten_vet = np.zeros((nm,1))\n",
    "\n",
    "# Inicializa a matriz de forças\n",
    "F_vet = np.zeros((nm,1))\n",
    "\n",
    "# Extração dos módulos de elasticidade e áreas dos elementos\n",
    "for i in range(nm):\n",
    "    # Nós do elemento\n",
    "    n1 = int(Inc[i][0])\n",
    "    n2 = int(Inc[i][1])\n",
    "\n",
    "    # Módulo de elasticidade\n",
    "    E = Inc[i][2]\n",
    "    L = L_vet[i]\n",
    "\n",
    "    indices = ([2*n1-2, 2*n1-1, 2*n2-2, 2*n2-1])\n",
    "    #print(indices)\n",
    "\n",
    "    # Matriz de deformação do elemento\n",
    "    vetor_cos_sen = np.transpose(np.array([-Cos_vet[i], -Sen_vet[i], Cos_vet[i], Sen_vet[i]]))\n",
    "    Def = (1/L) * np.dot(vetor_cos_sen, u_desl[indices])\n",
    "    Def_vet[i] = Def\n",
    "\n",
    "    # Matriz de tensão do elemento\n",
    "    Ten_vet[i] = E * Def\n",
    "\n",
    "    # Tensão = F / A -> F = E * A * Def\n",
    "    A = Inc[i][3]\n",
    "    F_vet[i] = E * A * Def\n",
    "\n",
    "#print(np.transpose(np.array([-Cos_vet[i], -Sen_vet[i], Cos_vet[i], Sen_vet[i]])).shape)\n",
    "#print(u_desl[indices].shape)\n",
    "print(f\"Deformações[] \\n {Def_vet} \\n\")\n",
    "print(f\"Tensões internas [Pa] \\n {Ten_vet} \\n\")\n",
    "print(f\"Forças internas [N] \\n {F_vet} \\n\")"
   ]
  },
  {
   "cell_type": "code",
   "execution_count": 11,
   "metadata": {},
   "outputs": [],
   "source": [
    "# Uso da função exporta para gerar o arquivo de saída\n",
    "geraSaida('solucao', R_apoio_vet, u_desl, Def_vet, F_vet, Ten_vet)"
   ]
  }
 ],
 "metadata": {
  "kernelspec": {
   "display_name": "Python 3",
   "language": "python",
   "name": "python3"
  },
  "language_info": {
   "codemirror_mode": {
    "name": "ipython",
    "version": 3
   },
   "file_extension": ".py",
   "mimetype": "text/x-python",
   "name": "python",
   "nbconvert_exporter": "python",
   "pygments_lexer": "ipython3",
   "version": "3.10.6"
  }
 },
 "nbformat": 4,
 "nbformat_minor": 2
}
